Eden Sivan
318640034
506363920
7654345
20000
340000
346547
Ofir Jerb
212334456
546301099
1232221
10000
70434
4567823
Guy Ashkenazi
312334454
525647788
88876765
2500
1000
4544832
Yosi Shalem
213334456
545677765
2323245
12200
37500
4561437
Gal Tal
341232243
523444323
99876765
55000
164000
2433336
Ron Zur
512788898
507556609
3433433
15600
48700
8981860
Hana Lev
53919643
506807152
5556453
65000
220500
6438680
Shir Cohen
213343222
508788765
1112345
17800
39251
2228229
Maayan Ruli
318766654
543445654
5556548
1000
6500
6548907
Alona Tal
23454432
58765565
1818176
28000
57600
4321023
